{
  "trans": [
    [
      [
        -0.963964581489563,
        -0.2611401677131653,
        0.0507759265601635,
        0.2046843022108078
      ],
      [
        0.26603081822395325,
        -0.9462433457374573,
        0.18398693203926086,
        0.7416750192642212
      ],
      [
        7.450580596923828e-9,
        0.1908649355173111,
        0.9816163182258606,
        3.957021951675415
      ],
      [
        0,
        0,
        0,
        1
      ]
    ],
    [
      [
        0.957957923412323,
        -0.16224195063114166,
        0.23663082718849182,
        0.9538894295692444
      ],
      [
        0.28690868616104126,
        0.541708767414093,
        -0.7900853753089905,
        -3.184936285018921
      ],
      [
        0,
        0.8247601389884949,
        0.5654827356338501,
        2.279534101486206
      ],
      [
        0,
        0,
        0,
        1
      ]
    ],
    [
      [
        0.053793132305145264,
        0.8200244307518005,
        -0.5697950124740601,
        -2.296917200088501
      ],
      [
        -0.998552143573761,
        0.0441756397485733,
        -0.03069549985229969,
        -0.12373751401901245
      ],
      [
        0,
        0.5706211924552917,
        0.8212133646011353,
        3.3104169368743896
      ],
      [
        0,
        0,
        0,
        1
      ]
    ],
    [
      [
        0.8378013968467712,
        0.1475498080253601,
        -0.525659441947937,
        -2.1190009117126465
      ],
      [
        -0.5459750294685364,
        0.22641590237617493,
        -0.8066269755363464,
        -3.251617431640625
      ],
      [
        0,
        0.9627902507781982,
        0.2702500522136688,
        1.089412808418274
      ],
      [
        0,
        0,
        0,
        1
      ]
    ],
    [
      [
        -0.9967323541641235,
        -0.06236458569765091,
        0.05133584886789322,
        0.2069414258003235
      ],
      [
        0.0807756781578064,
        -0.7695484161376953,
        0.633459210395813,
        2.553555727005005
      ],
      [
        0,
        0.6355359554290771,
        0.7720712423324585,
        3.112318754196167
      ],
      [
        0,
        0,
        0,
        1
      ]
    ],
    [
      [
        -0.7549905180931091,
        0.3629770874977112,
        -0.5461105704307556,
        -2.2014424800872803
      ],
      [
        -0.6557355523109436,
        -0.417918860912323,
        0.6287722587585449,
        2.5346622467041016
      ],
      [
        1.4901160305669237e-8,
        0.8328214287757874,
        0.5535417199134827,
        2.231398344039917
      ],
      [
        0,
        0,
        0,
        1
      ]
    ],
    [
      [
        -0.6818113923072815,
        -0.17271238565444946,
        0.7108470797538757,
        2.865516185760498
      ],
      [
        0.7315279245376587,
        -0.1609744280576706,
        0.662536084651947,
        2.6707684993743896
      ],
      [
        1.4901160305669237e-8,
        0.9717292189598083,
        0.23609814047813416,
        0.9517420530319214
      ],
      [
        0,
        0,
        0,
        1
      ]
    ],
    [
      [
        0.99866483369229,
        -0.0095043593192742,
        0.0507759294790693,
        0.204684301021353
      ],
      [
        3.60501071360373e-11,
        0.982928684734391,
        0.183986938295677,
        0.741675061125012
      ],
      [
        -0.051657792682235,
        -0.18374128171876,
        0.981616335151144,
        3.95702196177731
      ],
      [
        0,
        0,
        0,
        1
      ]
    ],
    [
      [
        0.922489178737227,
        0.304991205331003,
        0.236630867182444,
        0.953889523394102
      ],
      [
        -2.86140830614888e-9,
        0.61299675771332,
        -0.790085457096449,
        -3.18493630642562
      ],
      [
        -0.386023050182941,
        0.728845311725774,
        0.565482857016654,
        2.27953427796579
      ],
      [
        0,
        0,
        0,
        1
      ]
    ],
    [
      [
        0.821600517426719,
        -0.0174983889888043,
        -0.569795026355625,
        -2.29691728641086
      ],
      [
        -5.790692527176e-10,
        0.999528798490084,
        -0.0306955022631884,
        -0.123737518315367
      ],
      [
        0.570063636610998,
        0.0252194401686693,
        0.821213403403884,
        3.31041700209628
      ],
      [
        0,
        0,
        0,
        1
      ]
    ],
    [
      [
        0.457228827451775,
        -0.717372994026093,
        -0.525659419999225,
        -2.11900109417108
      ],
      [
        6.90896466555291e-9,
        0.591060876983122,
        -0.806626972248414,
        -3.25161767055898
      ],
      [
        0.889349156031765,
        0.368813101178147,
        0.270250040728978,
        1.08941292678689
      ],
      [
        0,
        0,
        0,
        1
      ]
    ],
    [
      [
        0.99779670901426,
        -0.042026583498236,
        0.0513358491434587,
        0.20694141462359
      ],
      [
        -6.77879488794938e-10,
        0.773776045794135,
        0.633459221373512,
        2.55355546165375
      ],
      [
        -0.0663445778276657,
        -0.632063553071587,
        0.772071306032369,
        3.11231857262106
      ],
      [
        0,
        0,
        0,
        1
      ]
    ],
    [
      [
        0.711868979539618,
        0.441594558490089,
        -0.546110659721666,
        -2.20144253877718
      ],
      [
        -2.015390696362e-9,
        0.77758946342229,
        0.62877234377601,
        2.53466235605458
      ],
      [
        0.702312332277222,
        -0.447603516593242,
        0.55354181124032,
        2.23139829971712
      ],
      [
        0,
        0,
        0,
        1
      ]
    ],
    [
      [
        0.315205177775774,
        -0.628762316014568,
        0.710847125441106,
        2.86551620100388
      ],
      [
        -1.85112702623314e-9,
        0.749029943349621,
        0.662536081493228,
        2.67076854644361
      ],
      [
        -0.949023480087608,
        -0.208834807660225,
        0.236098154956662,
        0.951742032628491
      ],
      [
        0,
        0,
        0,
        1
      ]
    ]
  ]
}